0.1 0.1 0.9 0.3 0.5 0.4 0.6 0.5 0.4 0.9 0 0.4 0.3 0.4 0.3 0.307692
1 1 1 1 1 1 1 1 1 1 1 1 1 1 1 1;
0.307692 0.358974 0.307692 0.3 0.25641 0.4 0.384615 0.358974 0.25641
0.384615 0.410256 0.4 0.3 0.4 0.384615 0.307692 1 1 1 1 1 1 1 1 1 1
1 1 1 1 1 1;
0.128205 0.153846 0.153846 0.128205 0.25641 0.25641 0.307692 0.205128
0.25641 0.179487 0.205128 0.282051 0 0.230769 0.153846 0.128205 1 1
1 1 1 1 1 1 1 1 1 1 1 1 1 1;
0.205128 0.384615 0.589744 0.794872 0.794872 0.846154 0.820513 0.692308
0.461538 0.512821 0.307692 0.282051 0.179487 0.230769 0.153846 0.128205
1 1 1 1 1 1 1 1 1 1 1 1 1 1 1 1;
