0 1 1 -4 1 1 1 -2.9 1 1 1 -1.8 1 1 1 -0.7 1 1 1 0.4 1 1 1 1.5 1 1 1
2.6 1 1 1 3.7 1 1 1 -4 -0.4 1 1 -2.9 -0.4 1 1 -1.8 -0.4 1 1 -0.7 -0.4
1 1 0.4 -0.4 1 1 1.5 -0.4 1 1 2.6 -0.4 1 1 3.7 -0.4 0 0 0 0 0 0 0 0
0 0 0 0 0 0 0 0 0 0 0 0 0 0 0 0 0 0 0 0 0 0 0 0 0 0 0;
0 2.88 2.29333 -3.74667 2.68 2.42 2.25667 -3.91667 0.316666 2.89333
2.84 -3.73333 -2.38667 2.58667 2.04 -0.893333 2.72 2.16 1.93333 1.54667
2.73333 2.28 1.88 3.86667 2.8 2.36 2.33333 3.78667 0.386667 2.48 2.65333
3.76 -2.45333 1 1 -1.31667 1.13333 1 1 -0.0833335 1.06667 1 1 1.3 1.01667
1 1 -1.38333 -0.166667 1 1 -0.0166669 -0.116667 1 1 1.3 -0.116667 1.63333
0.9 1.13333 -1.68333 1.86667 1.05 -1.15 -1.7 0 0 0 0 0 0 0 0 0 0 0
0 0 0 0 0 0 0 0 0 0 0 0 0 0 0 0 0 0 0 0 0 0 0 0;
0 1 1 -4 1 1 1 -3.31667 2.16667 1 1 -2.11667 2.86667 1 1 -0.75 3.26667
1 1 0.683334 3.25 1 1 1.95 2.76667 1 1 3.03333 2.21667 1 1 3.7 1 1
1 -4 -0.4 1 1 -3.18333 -1.63333 1 1 -2.06667 -2.65 1 1 -0.933333 -3.03333
1 1 0.383333 -2.98333 1 1 1.73333 -2.3 1 1 2.98333 -1.73333 1 1 3.7
-0.4 0 0 0 0 0 0 0 0 0 0 0 0 0 0 0 0 0 0 0 0 0 0 0 0 0 0 0 0 0 0 0
0 0 0 0;
